labels -1 1
1 3e-014 1
1 3e-014 1
-1 0.95513 0.0448701
1 5.31733e-007 0.999999
1 0.10634 0.89366
1 0.0209354 0.979065
1 5.40492e-007 0.999999
1 2.48925e-007 1
1 3e-014 1
1 9.2644e-010 1
1 3e-014 1
1 3.05058e-008 1
-1 0.996101 0.00389882
1 3e-014 1
1 3e-014 1
-1 0.851942 0.148058
1 0.0355624 0.964438
1 3e-014 1
1 2.39828e-008 1
1 2.79492e-008 1
1 4.29247e-012 1
1 0.00334995 0.99665
-1 0.836493 0.163507
1 1.85817e-009 1
1 5.45983e-011 1
1 1.61592e-008 1
1 0.0146388 0.985361
1 0.0150991 0.984901
1 0.371792 0.628208
1 0.147249 0.852751
-1 0.977338 0.0226618
1 0.329376 0.670624
-1 0.918788 0.0812122
1 1.42115e-005 0.999986
-1 0.984349 0.0156515
-1 0.940305 0.0596951
1 8.39635e-007 0.999999
1 3e-014 1
1 7.1446e-014 1
1 3e-014 1
-1 0.957102 0.0428976
1 1.8684e-012 1
1 1.08892e-012 1
1 3e-014 1
1 0.0994521 0.900548
1 9.1711e-014 1
-1 0.999986 1.39942e-005
1 8.78559e-010 1
1 2.2416e-010 1
1 3e-014 1
1 0.21711 0.78289
-1 0.998664 0.00133579
-1 0.999988 1.23366e-005
-1 0.938065 0.0619346
-1 0.999909 9.08068e-005
1 0.00318863 0.996811
-1 0.999997 2.97917e-006
-1 0.999997 2.97917e-006
1 0.018075 0.981925
-1 0.993885 0.00611521
-1 0.988639 0.0113608
1 1.25444e-007 1
1 0.038565 0.961435
-1 0.790219 0.209781
-1 0.999993 6.88541e-006
-1 0.942867 0.057133
-1 0.96017 0.0398303
-1 0.99697 0.0030301
-1 0.863319 0.136681
-1 0.999988 1.18807e-005
-1 0.999808 0.000191912
-1 0.998986 0.00101432
1 0.303132 0.696868
-1 0.999175 0.000825037
-1 0.99986 0.000140054
-1 0.999803 0.000196634
-1 0.999679 0.000321333
-1 0.916642 0.0833579
-1 0.999999 9.3757e-007
-1 0.999215 0.00078482
-1 0.99874 0.0012604
1 1.93632e-010 1
1 1.41817e-009 1
-1 0.995157 0.00484288
-1 0.985385 0.0146145
-1 0.922748 0.0772523
-1 0.999932 6.83286e-005
-1 0.999925 7.5207e-005
-1 0.999998 1.7739e-006
-1 0.994595 0.00540549
1 0.0351653 0.964835
-1 0.998212 0.00178821
1 3.80238e-006 0.999996
-1 0.988865 0.0111346
1 5.93368e-008 1
1 4.11482e-007 1
1 3.21199e-011 1
-1 0.961051 0.0389487
-1 0.99757 0.0024303
-1 0.999977 2.28694e-005
1 0.045737 0.954263
